Version 0.9.7
7
 4 10 175 77 128 0 1
 5 80 400 206 81 2 2
 0 93 110 877 276 8 3
 3 326 416 203 58 140 4
 1 162 26 206 81 149 5
 3 568 421 203 58 197 6
 3 796 428 203 58 206 7
 0
89
 16711680 5 177 37 177 37 152 37 152 124 146 124 146 124 0 5 0 3
 16711680 5 71 189 71 189 58 189 58 124 159 124 159 124 0 1 0 3
 255 5 71 288 71 288 71 358 71 358 146 358 146 358 0 1 0 3
 255 5 337 453 337 453 159 453 159 453 159 358 159 358 0 4 0 3
 255 5 177 95 177 95 71 95 71 95 71 249 71 249 0 5 0 1
 255 5 211 358 211 358 211 358 211 280 211 280 211 280 0 3 0 3
 16711680 5 133 215 133 215 133 124 133 124 172 124 172 124 0 3 0 3
 8454143 5 146 215 146 162 191 162 191 37 218 37 218 37 0 3 0 5
 16776960 5 237 37 234 37 234 173 155 173 155 215 159 215 0 5 0 3
 16744576 5 185 215 178 215 178 176 256 176 256 37 256 37 0 3 0 5
 16711680 5 172 215 172 215 172 231 198 231 198 215 198 215 0 3 0 3
 16711680 5 211 215 211 215 211 239 133 239 133 280 133 280 0 3 0 3
 8453888 5 275 37 265 37 265 246 146 246 146 280 146 280 0 5 0 3
 16711680 5 315 215 315 215 315 215 315 124 315 124 315 124 0 3 0 3
 16711680 5 432 215 432 215 439 215 439 124 432 124 432 124 0 3 0 3
 255 5 510 280 510 280 510 280 510 358 510 358 510 358 0 3 0 3
 4259584 5 445 215 476 215 476 39 275 39 275 50 275 50 0 3 0 5
 65535 5 146 189 146 189 146 175 328 175 328 215 328 215 0 3 0 3
 65535 5 341 215 341 215 341 199 458 199 458 215 458 215 0 3 0 3
 16711680 5 471 215 471 215 471 215 484 215 484 215 484 215 0 3 0 3
 16711680 5 471 202 471 202 471 261 432 261 432 280 432 280 0 3 0 3
 16776960 5 237 63 237 63 237 56 497 56 497 215 497 215 0 5 0 3
 16711680 5 510 215 510 215 510 199 575 199 575 215 575 215 0 3 0 3
 16711680 5 562 215 562 215 562 215 562 124 562 124 562 124 0 3 0 3
 16744576 5 445 280 445 280 445 176 445 176 185 176 185 176 0 3 0 3
 16711680 5 458 280 458 280 458 189 588 189 588 215 588 215 0 3 0 3
 16711680 5 666 215 666 215 666 215 666 124 666 124 666 124 0 3 0 3
 255 5 744 280 744 280 744 280 744 358 744 358 744 358 0 3 0 3
 255 5 640 280 640 280 640 280 640 358 640 358 640 358 0 3 0 3
 65535 5 471 280 471 280 471 189 471 189 328 189 328 189 0 3 0 3
 16776960 5 237 50 237 50 354 50 354 50 354 215 354 215 0 5 0 3
 16776960 5 367 215 367 215 367 196 484 196 484 280 484 280 0 3 0 3
 16711680 5 497 280 497 280 497 291 666 291 666 280 666 280 0 3 0 3
 16711680 5 705 280 705 280 705 306 705 306 666 306 666 306 0 3 0 3
 65280 5 275 63 275 63 650 63 650 311 679 311 679 280 0 5 0 3
 16744576 5 718 280 718 280 718 293 718 293 445 293 445 293 0 3 0 3
 16711680 5 601 215 601 215 601 215 614 215 614 215 614 215 0 3 0 3
 16711680 5 692 280 692 280 692 234 627 234 627 215 627 215 0 3 0 3
 16711680 5 640 215 640 215 640 257 562 257 562 280 562 280 0 3 0 3
 16711680 5 731 280 731 280 731 311 575 311 575 280 575 280 0 3 0 3
 8454143 5 679 215 679 215 679 176 679 176 146 176 146 176 0 3 0 3
 16776960 5 159 202 159 202 159 166 692 166 692 202 692 202 0 3 0 3
 16776960 5 705 215 705 215 705 215 718 215 718 215 718 215 0 3 0 3
 16744576 5 185 202 185 202 315 202 315 202 315 280 315 280 0 3 0 3
 16744576 5 328 280 328 280 328 253 731 253 731 215 731 215 0 3 0 3
 16711680 5 744 215 744 215 744 271 601 271 601 280 601 280 0 3 0 3
 16711680 5 588 280 588 280 588 303 614 303 614 280 614 280 0 3 0 3
 16711680 5 770 215 770 215 770 215 770 124 770 124 770 124 0 3 0 3
 16711680 5 861 215 861 215 861 215 861 124 861 124 861 124 0 3 0 3
 255 5 848 280 848 280 848 280 848 358 848 358 848 358 0 3 0 3
 255 5 939 280 939 280 939 358 939 358 913 358 913 358 0 3 0 3
 16711680 5 861 280 861 280 861 337 627 337 627 280 627 280 0 3 0 3
 16776960 5 770 280 770 280 770 176 770 176 692 176 692 176 0 3 0 3
 16744576 5 185 189 185 189 783 189 783 189 783 280 783 280 0 3 0 3
 16744576 5 796 280 796 280 796 280 809 280 809 280 809 280 0 3 0 3
 16711680 5 835 280 835 280 835 280 874 280 874 280 874 280 0 3 0 3
 65280 5 146 293 146 293 146 316 341 316 341 280 341 280 0 3 0 3
 65280 5 354 280 354 280 354 314 822 314 822 280 822 280 0 3 0 3
 16744703 5 159 319 159 329 366 329 366 280 367 280 367 280 0 3 0 3
 16744703 5 159 306 159 306 172 306 172 306 172 280 172 280 0 3 0 3
 16777215 5 887 293 887 293 887 238 185 238 185 280 185 280 0 3 0 3
 16777215 5 198 280 198 280 198 215 198 215 380 215 380 215 0 3 0 3
 16777215 5 393 202 393 202 393 202 393 137 393 137 393 137 0 3 0 3
 16711935 5 380 280 380 280 367 280 367 371 380 371 380 371 0 3 0 3
 255 5 393 280 393 280 393 280 393 358 393 358 393 358 0 3 0 3
 255 5 392 460 392 460 383 460 383 293 380 293 380 293 0 4 0 3
 255 5 406 137 406 137 406 407 372 407 372 460 372 460 0 3 0 4
 33023 5 432 460 432 460 420 460 420 137 419 137 419 137 0 4 0 3
 33023 5 796 215 796 215 796 215 796 137 796 137 796 137 0 3 0 3
 33023 5 783 215 783 215 783 215 783 371 783 371 783 371 0 3 0 3
 33023 5 809 215 808 215 808 407 412 407 412 460 412 460 0 3 0 4
 33023 5 900 293 900 293 900 293 900 371 900 371 900 371 0 3 0 3
 33023 5 913 293 913 293 913 137 913 137 887 137 887 137 0 3 0 3
 33023 5 926 293 921 293 921 418 452 418 452 460 452 460 0 3 0 4
 33023 5 472 460 472 460 472 124 472 124 445 124 445 124 0 4 0 3
 4227072 5 614 465 614 465 618 465 618 137 588 137 588 137 0 6 0 3
 4227072 5 674 465 674 465 674 260 926 260 926 280 926 280 0 6 0 3
 4227072 5 654 465 654 465 641 465 641 124 640 124 640 124 0 6 0 3
 16711935 5 714 465 714 465 714 124 714 124 692 124 692 124 0 6 0 3
 16711935 5 754 465 754 465 763 465 763 137 744 137 744 137 0 6 0 3
 16711935 5 734 465 734 465 734 319 734 319 926 319 926 319 0 6 0 3
 16711935 5 809 202 809 202 694 202 694 202 694 465 694 465 0 3 0 6
 32768 5 809 189 809 189 634 189 634 189 634 465 634 465 0 3 0 6
 255 5 579 458 579 458 579 358 579 358 575 358 575 358 0 6 0 3
 255 5 807 465 807 465 807 358 807 358 796 358 796 358 0 7 0 3
 8388736 5 842 472 842 472 842 124 842 124 835 124 835 124 0 7 0 3
 8388736 5 862 472 862 472 862 306 862 306 926 306 926 306 0 7 0 3
 8388736 5 882 472 882 472 882 176 882 176 809 176 809 176 0 7 0 3
 8388736 5 902 472 902 472 902 137 902 137 874 137 874 137 0 7 0 3
7
 7086 1 14 127 228 5 0 0 0 3
 7004 1 14 309 228 5 0 0 0 3
 7008 1 14 426 228 5 0 0 0 3
 7032 1 14 556 228 5 0 0 0 3
 7008 1 14 660 228 5 0 0 0 3
 7008 1 14 764 228 5 0 0 0 3
 7032 1 14 855 228 5 0 0 0 3
